OM920075.1  OM920076.1  OM920077.1  OM920078.1  OM920079.1  OM920080.1  OM920081.1  OM920082.1  OM920083.1
OM920075.1  0.000000  0.000673  0.000673  0.001347  0.000673  0.002020  0.000000  0.000673  0.000673
OM920076.1  0.000673  0.000000  0.001347  0.000673  0.001347  0.002694  0.000673  0.001347  0.001347
OM920077.1  0.000673  0.001347  0.000000  0.002020  0.000000  0.001347  0.000673  0.000000  0.000000
OM920078.1  0.001347  0.000673  0.002020  0.000000  0.002020  0.003367  0.001347  0.002020  0.002020
OM920079.1  0.000673  0.001347  0.000000  0.002020  0.000000  0.001347  0.000673  0.000000  0.000000
OM920080.1  0.002020  0.002694  0.001347  0.003367  0.001347  0.000000  0.002020  0.001347  0.001347
OM920081.1  0.000000  0.000673  0.000673  0.001347  0.000673  0.002020  0.000000  0.000673  0.000673
OM920082.1  0.000673  0.001347  0.000000  0.002020  0.000000  0.001347  0.000673  0.000000  0.000000
OM920083.1  0.000673  0.001347  0.000000  0.002020  0.000000  0.001347  0.000673  0.000000  0.000000
